image: clean_room_new.pgm
resolution: 0.050000
origin: [-5.169793, -3.148376, 0.000000]
negate: 0
occupied_thresh: 0.65
free_thresh: 0.196

